 57.57374924  33.60278677  56.88170000  90.17982771  94.03111378
  7.04496074  55.40130000  20.85452200  75.20400000   1.31689100
 59.42100000  10.54160000  63.54350000   1.25768710   7.17889900
 74.20976000  41.44862854  65.92100000  34.05281500  52.74214690
 33.93329000  27.79030000  63.77624797  83.74200000  84.36227000
 34.63655820  65.58400000  88.83500000  10.76870000   5.55528800
 40.50155100  77.09650000  35.63800000  97.15200000  27.95318300
 22.17622440  94.46618900  55.54488190  72.12787000  67.63298806
 85.65710000  27.30204581  69.79177481  90.20332601  27.50378300
 50.81178800  55.84420000  46.89618220  57.09361872  71.31941000
 49.45392000  11.50039100  92.36400000  82.14794493  37.30700000
  3.53425000  38.86420000  11.04083000  17.62500000  75.22737900
 89.83032784  21.19231800   9.32807596  88.00165746  19.48726524
 68.62290000  98.45800000  79.69810000  44.78530000  29.20439648
 89.18420000  63.98100000  72.18375900  98.47663600  57.87961750
 29.15217200  56.05374600  94.75622820  79.16447066   5.80345458
 46.02444700  93.96443000  84.33327950  63.90400000  73.64206000
  1.27942000  74.63860600  89.89984750  45.61541917  49.71778000
 78.80461900  16.83500000  42.76104000  90.67500000  94.41282400
 50.06900000  48.91732000  75.65795000  57.07109480  56.70639270
  3.83389740  18.52207000  99.97827764  81.28531400  93.93690600
 28.89096250  36.49336596  32.37425000  12.88890100  47.91600000
 28.90400000  26.82820000  13.80523000  51.67898230  30.16724000
 44.06485300  87.57423100  37.73582700   3.38760992  33.13300000
 11.70400000  24.78429960  73.94700000  44.74580000  29.32500000
 63.54814200  44.46570000   2.97540000   2.17019035  59.44020000
 32.09193616  49.67505470   5.14691000   1.76224356  14.37550000
  5.01340000  96.41104890  70.92392871  80.69441340  48.69368000
 97.83482826  31.66700000  88.20939500  32.42905600  43.65358720
 59.58959370  81.66750000  22.59743500  10.31801000  27.54265000
 38.86210000  81.21278210  63.56298200  31.25592336  41.32001400
 45.51130000  84.38253900  39.78619400   7.20564000  27.86500000
 55.48708590  11.00731630  47.87966390  16.08587736  21.14366000
  3.38949000  39.49193900   4.34908390  77.19065000  84.37800000
 27.56894000  28.74100000  39.19900000  69.98493000  54.61561000
 50.25420200  74.17900000  91.45991000  86.90613377  97.04067357
 42.01444699  89.02240000  32.83429200  15.60908076  57.29944000
 27.38300000  57.72900000  50.95884800   4.30933153  41.10114000
 47.69843667  56.40998900  66.75131190  26.84400000  30.18700000
 75.34200000  98.84693178   3.51351268  74.56034800  67.58807000
 38.47520000  74.73500000   8.71939000  24.74700000   3.54566000
 35.42400000  71.56204040  19.92800000  39.01872000  45.68412598
 96.42370000   9.72446400   8.52140000  39.65170800  99.00300000
 70.95400000  89.12296130  27.40389700  89.69121000   8.60938100
 48.46804200  47.96510000  79.38819917  18.75649086  56.97200000
 40.18190000  95.32390031   1.17469070  98.85516000  50.31810000
 13.29850000  57.81799862  98.09340000  59.67246930  49.79900000
 42.03570000  48.88867243  16.15040000  12.19300000  64.13354450
 55.67400000  23.31679000  85.74737000  47.05500000  99.78705000
 41.30793900  11.71087000  66.16869850  15.76985045  88.10212830
 84.85326000   0.56225980  94.31696700  61.52181200  56.55046940
 48.35050290  66.08040620  71.78850000  33.35653090  49.46810000
 90.83444800  92.83037410  13.42427000  64.35066837  94.04700000
 64.49084534  65.36650000  82.92224800  57.34375199  66.81430000
  1.76121678  51.98000000  50.87530000  77.54166060  86.30243252
 38.46525710  95.30021900  27.63553225  78.44022059  57.02390000
 81.47800000  38.66760465  18.70405300  74.53792410  52.01299980
  8.83599040  46.07784918  50.76940777  10.74700000  18.15827000
  8.26603575  71.82680000  98.76758000   2.58649792   2.14068315
 95.99870000  19.81319809  83.38935704  79.40309370  44.05189610
 99.14550036  75.29286952   2.66628100  35.31000000  63.22285235
 77.03910000   1.46550000  30.47475303  56.74070000   5.40241200
 92.23940000   5.91920000  28.13925000  99.39983705  43.47588100
 84.92230000  64.70980000  54.40745000   9.63172000  64.05801473
 27.05800000  44.24470000  62.18035000  96.87318920  26.34354220
 48.62423148  59.65801291  21.63803200  56.48900000  54.12382700
 64.81200000  32.96870000  60.64283285   2.71050000   4.19742600
 61.53700000  17.07830000  75.75916900  37.51000000  17.48725000
 94.46986900  32.97203285  74.73935000  76.79120000  65.06881000
 89.27784000  77.03830000  36.10573780  10.01180000  72.40228500
 84.45900000  17.92296000  79.04784100  53.13885124  76.31100000
 60.05296760  20.76690527  31.80320040  15.98100000  17.65309453
 95.57600000  86.57519870   7.38536322  33.38172150   8.81748200
 52.74220000  71.70181600   3.29970000   9.95345000  74.82802635
 63.05180770  46.65385000  22.37370372  25.54310000  38.81300000
 38.30500000  82.88500000  61.34025000   6.00947514  72.93957190
 37.03874900  63.95843200  86.90100000  38.21919000  41.19135123
 12.82390000  16.75600000  79.05000000  64.05937910  65.91970000
 21.23395000  44.08677400  11.95055570  86.77258700   9.50732926
 63.76723000  76.13426000  54.17390000  25.99667020  56.10027290
 20.70654700  57.92933000  61.48912846  41.92217050  98.24778000
 19.81300000   4.73377000  63.27954990  47.57367500  79.31500000
 35.95986000  96.64527970  47.04531000  40.37148000  26.63460000
 31.34135300  66.73827000  17.02000000   7.76566900  76.04617000
  4.47420359  50.20372438  80.25512000  64.38080000  12.29001000
 19.10335000  55.75108000  62.06536000   3.74269818  34.97192790
 33.01301000   9.05497400  55.34200000  51.35735000  12.39305260
 39.74400000  59.62749524  85.04267000  28.61017000  63.72827800
 37.97822200  81.64930000  13.62556000   7.42203989  46.49879000
 86.91200000  68.77800000  77.56185100  77.90471000  43.33720610
 43.90927080  90.33805000  50.55619970   5.56094200  56.71470000
 20.19850000  87.52604065  41.70746112  96.49700000  10.35560000
 16.80400000   0.80336000  43.89114600   6.57346546  26.08487789
 20.05350000  51.58407000  14.92288890  66.27801400  72.69349020
 67.85567000  20.25012410  29.82671000   3.25630000  12.45294460
 91.18740000  97.97531800  67.01700490   3.62321000  63.21300000
 55.30782690  92.35546000  48.46740000  84.84750500  49.67405360
 42.95882000  33.85662410  47.07434000  20.79015000   1.78984670
  2.35060450  64.45000000  78.26762520  81.26723700  27.67100000
  1.87989820  86.09627000   7.28664000   0.39368800   4.50160532
