# 
# Tue Apr 29 13:04:02 PDT 2014
# 
12.369  26.439  16.905  15.872  30.403
23.083  18.038  20.844  19.404  13.562
23.555  25.751  31.968  11.246  26.772
12.699  29.839  20.972  11.740  35.491
28.516  28.873  11.078  32.854  21.600
10.899  22.078  11.417  26.096  22.854
31.089  24.207  11.795  24.884  22.666
13.935  36.061  32.517  22.692  33.657
35.358  15.748  16.554  26.641  10.860
31.559  19.394  11.657  31.797  20.494
31.649  12.924  12.810  18.782  34.501
13.259  10.971  23.391  30.554  14.836
16.801  22.697  23.550  33.830  15.417
33.978  14.501  13.053  32.337  24.684
10.850  24.512  17.468  16.544  25.988
15.736  26.160  14.728  12.131  31.580
33.742  30.837  11.850  11.599  28.898
17.533  14.706  34.189  29.960  19.927
23.026  11.468  14.007  13.372  28.092
31.828  11.516  24.269  13.300  21.619
22.278  26.674  17.289  24.114  19.541
16.854  18.578  30.427  23.597  22.917
13.285  28.075  31.233  32.578  28.167
23.906  13.758  26.514  21.472  19.814
27.666  22.032  23.342  25.334  22.258
33.604  16.444  19.157  29.381  22.837
16.653  11.649  19.167  27.637  25.838
12.994  28.230  27.897  30.941  27.748
11.694  23.840  25.680  28.025  35.656
24.595  16.747  21.442  17.605  17.957
18.446  31.642  29.867  15.134  20.263
17.134  34.159  32.915  16.363  24.184
17.323  18.007  23.050  18.167  21.954
11.682  30.681  32.535  32.929  23.415
24.548  22.717  14.773  31.398  34.573
36.195  27.162  13.461  11.161  17.841
34.678  12.139  15.451  27.668  35.785
16.378  28.892  13.384  26.363  35.287
17.541  35.577  31.301  35.966  26.974
33.795  34.361  24.949  11.021  17.819
19.358  26.718  34.949  27.937  20.528
21.965  17.492  25.937  34.113  34.770
25.338  30.199  16.320  26.183  28.394
21.926  34.638  12.760  15.088  29.942
13.645  20.167  33.381  33.836  15.196
32.373  32.340  17.658  27.468  21.576
11.590  15.095  32.876  27.775  23.295
13.428  31.728  29.193  25.641  12.496
15.423  29.849  14.146  11.205  16.061
31.772  15.353  27.332  30.243  29.601
28.110  26.677  24.791  17.105  27.117
22.486  28.650  27.180  12.077  25.626
30.680  29.295  13.508  22.527  25.824
24.643  10.927  17.148  21.895  19.899
13.350  25.029  14.181  30.588  18.144
32.453  26.033  19.761  15.811  16.005
27.018  25.840  27.937  22.442  31.113
15.797  29.789  26.907  26.161  33.038
12.636  30.413  14.440  15.071  20.682
12.542  22.562  13.401  28.816  18.257
25.933  28.805  27.283  31.857  30.599
26.665  11.129  20.705  33.995  15.910
23.195  33.020  17.959  13.382  13.130
31.004  18.682  25.254  21.737  14.862
27.272  13.247  22.032  12.772  16.965
29.692  12.364  35.224  27.806  12.976
30.555  12.578  19.492  20.362  12.973
16.532  17.719  36.026  15.962  30.851
25.968  22.210  19.014  36.035  24.567
32.430  11.049  33.994  28.883  31.865
15.137  29.366  17.999  28.022  27.693
26.040  31.037  10.745  32.123  13.810
12.190  22.731  23.874  11.020  18.727
24.680  35.537  33.814  28.714  22.339
33.635  20.838  35.044  24.810  23.707
11.127  20.429  23.215  14.057  22.769
29.805  35.064  14.407  30.323  21.330
15.027  27.213  32.107  12.951  35.791
30.211  26.207  24.692  22.389  30.468
24.668  29.922  30.663  33.187  12.857
28.961  26.552  23.816  11.854  29.779
35.802  29.732  24.797  31.182  27.268
18.930  29.212  21.675  20.477  15.973
12.409  15.641  12.627  19.626  24.423
17.914  29.062  30.302  11.253  11.517
23.168  14.058  17.698  19.670  18.209
21.991  20.770  20.563  20.836  26.896
29.601  11.871  31.360  19.311  25.387
28.918  35.755  34.953  32.735  19.752
31.417  20.579  22.957  18.510  29.794
33.711  29.461  16.639  12.633  34.756
18.003  13.168  23.135  25.955  17.086
12.875  20.481  18.346  11.378  11.767
18.322  24.068  20.413  22.423  31.025
33.452  22.039  25.149  27.969  12.674
25.042  11.177  33.822  20.293  15.662
23.439  16.029  14.872  22.152  34.902
31.147  17.235  18.341  30.548  17.965
16.803  23.521  14.376  20.536  13.005
21.178  31.541  23.037  17.696  14.583
